imu_ax, imu_ay, kf_ax, kf_ay, kf_vx, kf_w, kf_x, kf_y, stamp, 
-0.0231778621673584, 0.00858759880065918, -0.015443342752308646, -0.0, -0.00025696077790862985, 0.0, 2.5696077790862974e-05, 0.0, 1731681826770037797, 
0.0005161762237548828, 0.02496027946472168, -0.005454908863864507, 1.4040802222545396e-08, -0.0004996644890823587, -2.8100460467646077e-05, 4.996644890823586e-05, 1.4441432362714072e-11, 1731681826817354858, 
0.00682675838470459, 0.014367222785949707, 0.002154817300938033, 5.337609770441677e-09, -0.0002668731882429564, -2.0000547097231872e-05, 2.6646946264011594e-05, 5.0984259398572646e-11, 1731681826866218697, 
0.005082190036773682, -0.026692509651184082, 0.003964009542429644, -7.88581839088665e-11, 1.1616312186004063e-05, -6.788573055386626e-06, -1.1486173161281809e-06, 1.414721497733418e-10, 1731681826929032330, 
0.05216419696807861, -0.09863704442977905, 0.03373369385376933, -1.821057195767287e-08, 0.0006630010917852465, -2.7466880799000973e-05, -6.622013477183005e-05, 3.578675037937682e-10, 1731681826977415339, 
-0.5032327771186829, 0.6826839447021484, -0.29789025736030306, 0.0005786577543535897, 0.0018355162821594184, 0.3152561271060041, 0.0007770309099763838, 4.4016485395751486e-07, 1731681827121640604, 
0.596764862537384, 0.36006611585617065, 0.2563556736082865, 0.06748308088193361, 0.0769565020357109, 0.8768990156363754, 0.005894276584863356, 7.330719564155636e-05, 1731681827216519334, 
-0.0389324426651001, 0.11918455362319946, 0.07341525168557894, 0.0927471201395831, 0.0685392305983286, 1.3531975677276544, 0.012125676792953, 0.0007269534859062537, 1731681827312735924, 
0.23611074686050415, -0.09415566921234131, 0.1723297833886426, -0.012330183439659213, -0.008551225691453529, 1.4419200105994794, 0.014585505973446447, 0.0015007886653935938, 1731681827425789823, 
0.024037420749664307, 0.396981418132782, 0.08390359109782011, 0.2465365641733191, 0.16635048267258482, 1.4820309518341377, 0.018715464644836526, 0.002634850228027747, 1731681827521603616, 
0.6608383059501648, 0.5138118267059326, 0.44146066526779104, 0.37478219813992436, 0.2403273447155973, 1.5594654806486568, 0.034449907386947094, 0.011075798382791434, 1731681827617609199, 
0.031202077865600586, 0.7954019904136658, 0.18975743641455411, 0.5693545178138845, 0.36361266450377316, 1.565826973026063, 0.0555848197944832, 0.02674786088474615, 1731681827728380119, 
-0.43983399868011475, -0.28727519512176514, -0.20683903029596112, 0.0006608714049287344, 0.00045014183071323544, 1.4681403945098916, 0.07496552155341399, 0.0469656018322551, 1731681827824606201, 
-0.1872645616531372, -0.3986022472381592, -0.19690565701047236, -0.18927060207551347, -0.12672190733050176, 1.4935902249472877, 0.07326039221279813, 0.04480937689144733, 1731681827920599979, 
-0.15047675371170044, 0.13918006420135498, -0.16427182857731465, 0.07291983030420855, 0.04883998643594337, 1.4930354331659648, 0.0698676404323352, 0.037742596053428515, 1731681828016654678, 
0.16378241777420044, 0.08685249090194702, 0.03905823632150998, 0.10573226180205329, 0.07057481036157966, 1.498158638476669, 0.07164637385771573, 0.04308271139514243, 1731681828112047643, 
-0.22259533405303955, -0.06899094581604004, -0.1236032543615139, 0.030292853906063504, 0.02018253626978256, 1.5009438606295575, 0.07261901323442975, 0.04888430611515371, 1731681828224693601, 
0.0988161563873291, 0.7657355070114136, 0.020120346153079505, 0.47506465599982506, 0.3219035636836994, 1.4757980637537176, 0.0730886153046706, 0.05849493981680062, 1731681828320563231, 
-0.5065034627914429, 0.24138110876083374, -0.30802692240557644, 0.2898318930851103, 0.17693739791170837, 1.638047673956052, 0.06920030337998465, 0.08705703812777672, 1731681828416706606, 
-0.08161866664886475, 0.024274468421936035, -0.16971481996292653, 0.12383504173845185, 0.06729181593402869, 1.8402689839706035, 0.0648121064759845, 0.10101137216373207, 1731681828514717320, 
-0.29428398609161377, -0.1306593418121338, -0.2477500838578413, -0.002262954550905705, -0.0013391496786945914, 1.6898443743134393, 0.06212467038912962, 0.10663297325068218, 1731681828624617569, 
0.4052860736846924, 0.7584716081619263, 0.16241466568346685, 0.47211666205209574, 0.30709169718583296, 1.5373800932377533, 0.05855156601069791, 0.11199033002951256, 1731681828721602199, 
-0.019689202308654785, 0.07865625619888306, 0.04595731296021875, 0.21101098614141167, 0.12975865229036862, 1.6261804697941828, 0.0393207197589227, 0.13053681306951484, 1731681828816727950, 
-0.20659291744232178, 0.38890403509140015, -0.10837188066607444, 0.35487626327555877, 0.21155739295046583, 1.6774467596065041, 0.027338064736355902, 0.1390683142847632, 1731681828913589079, 
-0.13767027854919434, 0.3575087785720825, -0.12609979630472473, 0.34757258071889696, 0.22000994025722692, 1.579803986640462, 0.0076135542024213035, 0.1487677338646693, 1731681829024643393, 
0.17116278409957886, 0.3557453155517578, 0.057851767234735924, 0.3431714908100159, 0.22891397290899246, 1.4991286309396583, -0.014069751986396529, 0.15532296538081625, 1731681829120612408, 
-0.28437191247940063, 0.32278311252593994, -0.15370766118764612, 0.33330266044492796, 0.22214596949716744, 1.5003768071928842, -0.03664654700155315, 0.15843032897909992, 1731681829216612074, 
0.4001123905181885, 0.03520536422729492, 0.18642570242384515, 0.17456729425084264, 0.11787470362574187, 1.4809563789454148, -0.05644402358468088, 0.15805448556360188, 1731681829328906641, 
0.2853279113769531, 0.5175363421440125, 0.25043297797156433, 0.4200972874220511, 0.2807571776491691, 1.4963011486993925, -0.07149102438904405, 0.1556947734745069, 1731681829424623188, 
-0.06202751398086548, 0.06062060594558716, 0.054267684919555165, 0.2148715904397049, 0.14698203757160402, 1.4618901329016323, -0.09472418471122412, 0.1481237057787062, 1731681829521618044, 
0.12669330835342407, 0.5738082528114319, 0.10216070004938355, 0.4516442254306631, 0.30873199163910947, 1.462900631168182, -0.11144874382964687, 0.14002004862541517, 1731681829617700493, 
-0.3198968768119812, -0.03820633888244629, -0.16243424739613377, 0.173732360812432, 0.12266315531218569, 1.416336962556294, -0.13307907737833585, 0.12494768307178324, 1731681829712033554, 
0.03513413667678833, 1.0294667482376099, -0.03295596837809331, 0.6644664557853347, 0.47750494540890537, 1.3915383749928019, -0.14938736780123402, 0.11034854232241863, 1731681829825721864, 
0.513863742351532, 0.2713707685470581, 0.3007161626346603, 0.38327550064506216, 0.27825190635890285, 1.3774406999055553, -0.1759452736143991, 0.07740465198315719, 1731681829922763023, 
0.25217539072036743, 0.8465263843536377, 0.2736860992558856, 0.6356706033723426, 0.45430842740588245, 1.3992049564258464, -0.19251565859364791, 0.05035437139769081, 1731681830016728233, 
-0.151198148727417, 0.2964355945587158, 0.00751544170267443, 0.39670808203019886, 0.2920692958801275, 1.3582669853561662, -0.20853952678517587, 0.012879474261965644, 1731681830129178645, 
-0.0107804536819458, 0.13308709859848022, -0.005724838954718562, 0.25907899434360127, 0.19803895621690276, 1.3082223785296274, -0.21567589320617966, -0.013187174705891013, 1731681830223898082, 
0.32885682582855225, -0.3511608839035034, 0.19686022796722968, -0.00049828720265571, -0.0004016319266224866, 1.240656356296282, -0.2174520232169146, -0.02758855220464597, 1731681830322753956, 
0.5200653672218323, 0.48227250576019287, 0.4014651778341937, 0.3331456616033648, 0.27287850599223284, 1.2208571004593793, -0.21778650693958093, -0.03473131200731677, 1731681830416719674, 
-0.05457514524459839, 0.164800226688385, 0.11808665560255227, 0.26654435768760754, 0.22254632485866108, 1.1977028057277044, -0.21487594134829816, -0.05956767507889523, 1731681830529366352, 
0.642515242099762, 0.4009858965873718, 0.4431827858870208, 0.3571273126951502, 0.29977000128662673, 1.1913377294670688, -0.2093217964968383, -0.08280977623620583, 1731681830624806291, 
-0.5100067853927612, 0.022701501846313477, -0.14851298127232188, 0.20919056484519205, 0.1858813818955502, 1.1253981582875237, -0.2002109610138489, -0.10730845872168444, 1731681830722623377, 
-0.28032463788986206, -0.34061431884765625, -0.23288008201672417, 0.02210838036333364, 0.02040547179804747, 1.0834535257081934, -0.19365890949271838, -0.11987860954588442, 1731681830817731539, 
-0.38388222455978394, 0.4953603744506836, -0.3204838682915577, 0.31263276080153246, 0.2861939510036867, 1.0923807428672914, -0.18756634045232437, -0.1297993228095356, 1731681830912120552, 
0.051960527896881104, 0.1952001452445984, -0.09061754008103137, 0.2686735465578496, 0.2488396630240516, 1.079705474974385, -0.16963331016539673, -0.15149848476283473, 1731681831025021229, 
0.47842854261398315, 0.6078569889068604, 0.26375998329108596, 0.4431485350672968, 0.3943215699631399, 1.123825245240125, -0.1486032858606693, -0.17212808540665064, 1731681831121966575, 
-0.4090355634689331, -0.045437395572662354, -0.15589414583887468, 0.20549523285923574, 0.20521079440928436, 1.0013860793764293, -0.12236786516278314, -0.1925446790149895, 1731681831217386134, 
0.30432653427124023, 0.34833526611328125, 0.13031965720794947, 0.3042353698667304, 0.29378847599862734, 1.0355592363947994, -0.10251166385600369, -0.20496198025375056, 1731681831313530991, 
-0.257942259311676, -0.03806692361831665, -0.11179161141960686, 0.18103546406441992, 0.18436368759416966, 0.9819475105256302, -0.07944839263775874, -0.21618697478214827, 1731681831425860338, 
0.35972195863723755, 0.13217216730117798, 0.18027297493099992, 0.21558131203868108, 0.22144896195201758, 0.9735033758496106, -0.06089125226855265, -0.2230866245158726, 1731681831521815652, 
0.05181807279586792, 0.28681063652038574, 0.10192981503513014, 0.2822062401561877, 0.29053968563798316, 0.9713173590606172, -0.03754230883209755, -0.22930678556583112, 1731681831617032054, 
-0.21035754680633545, 0.3261544108390808, -0.09051232446897152, 0.31109528452535523, 0.32105850345757025, 0.968967590563968, -0.007806618082321727, -0.23416204067593974, 1731681831730804324, 
0.3667948246002197, 0.07453948259353638, 0.19050425080714734, 0.22684778582598253, 0.24155013804336278, 0.939133331338685, 0.02132846183647688, -0.23588852103085461, 1731681831825642993, 
-0.052086472511291504, 0.06070518493652344, 0.03998467973078945, 0.20351659310551237, 0.22325861296179172, 0.9115733113523464, 0.04448350091642609, -0.2351374646962547, 1731681831921668472, 
-0.6187953948974609, -0.03681623935699463, -0.3677531366499779, 0.15842385845544876, 0.17709418857632536, 0.8945740101865064, 0.06548214496583615, -0.2325064631760873, 1731681832017777955, 
0.3400932550430298, 0.5435086488723755, 0.07371232796284061, 0.3322530745907225, 0.3729871907230433, 0.8907895039147138, 0.09106925816352335, -0.22719779090858175, 1731681832130766373, 
-0.17498958110809326, -0.12469971179962158, -0.08322507120858896, 0.16612310291341692, 0.2027171412041683, 0.8194822693661835, 0.12046260484432, -0.21785109101049185, 1731681832225690010, 
-0.15119028091430664, 0.20936334133148193, -0.12381769807671864, 0.22865612750936914, 0.26623280095896795, 0.858857836771998, 0.14173943907918574, -0.20919709449324367, 1731681832321113576, 
-0.06453549861907959, 0.24175196886062622, -0.08640729532511221, 0.25417014490606643, 0.29713755365203576, 0.8553955627019582, 0.16703467323240617, -0.19633351407618077, 1731681832433682713, 
0.46951544284820557, 0.48292964696884155, 0.25884385702125684, 0.3472267630962209, 0.3938081707248092, 0.88171548715494, 0.1953279459108326, -0.17875146403773978, 1731681832529332456, 
-0.04032093286514282, -0.0693674087524414, 0.07079792092895931, 0.1956521323359185, 0.24450774943403933, 0.800187858212238, 0.22160250448473465, -0.15883667674924934, 1731681832624867341, 
0.023672640323638916, -0.18537956476211548, 0.04003004491185925, 0.12668718454728511, 0.16333901549394925, 0.7756088413057572, 0.23723393181941188, -0.14472656558201386, 1731681832721750272, 
0.2499029040336609, 0.031178176403045654, 0.1705338730494376, 0.17134076426795702, 0.21592375723968307, 0.7935243738731476, 0.24971692483837132, -0.13169912716877635, 1731681832816875627, 
0.0837712287902832, -0.5427946448326111, 0.11331842343428464, 0.02710199243750828, 0.03758236960695366, 0.7211358070538945, 0.2581592599105225, -0.12101113173947596, 1731681832929092899, 
-0.3458261489868164, 0.09447062015533447, -0.16741527383614993, 0.15021514664884597, 0.19815785775249276, 0.7580579864588101, 0.26437114589896127, -0.1125013985836674, 1731681833025758262, 
-0.17204487323760986, -0.018882691860198975, -0.16989614200950398, 0.15158428047723643, 0.20205082443597142, 0.7502284680123763, 0.27497813501669566, -0.09465706132641295, 1731681833121652279, 
0.1703363060951233, 0.1915838122367859, 0.04184567134282288, 0.20843130124611547, 0.27469657862849134, 0.758769192855528, 0.2855839351789732, -0.0734222838469411, 1731681833218861481, 
0.0923382043838501, 0.5762922763824463, 0.07577595871037501, 0.3433442565236411, 0.4275226283766794, 0.8031019500121737, 0.2984114648958039, -0.042133034053196856, 1731681833313435167, 
-0.040413737297058105, 0.6990811824798584, 0.005433269665166177, 0.42883555570012677, 0.5103015786563795, 0.8403571018323083, 0.3123467812800419, 0.0017333741855750672, 1731681833425664394, 
0.15675145387649536, 0.0677829384803772, 0.09556041901560391, 0.24813409599086161, 0.3356911014268874, 0.7391738861594594, 0.3219649934810117, 0.0446120666705465, 1731681833521687261, 
0.21494632959365845, -0.033944666385650635, 0.16767366544594708, 0.18050176833443293, 0.26090042786408574, 0.6918415957081683, 0.3262244577349091, 0.07453714162923576, 1731681833617758722, 
-0.3101024031639099, -0.07967543601989746, -0.1283282836007938, 0.14968962661209817, 0.22515277495414082, 0.6648358060103279, 0.3279926075050184, 0.09900296739426197, 1731681833713169179, 
0.15883231163024902, -0.283164918422699, 0.04780830633016553, 0.09458567260662197, 0.14836737111458165, 0.6375099315709721, 0.3279751328998184, 0.11841894319871119, 1731681833825846118, 
0.5019388794898987, -0.028185725212097168, 0.32934961078658676, 0.14080305877588653, 0.21439857973441753, 0.6567350350468918, 0.3269621102191823, 0.135425945537405, 1731681833921702653, 
0.348879873752594, 0.7520917057991028, 0.3455983830667351, 0.3437667656831576, 0.47763907439919406, 0.719720776855558, 0.32321376920455536, 0.16730817301199832, 1731681834018736824, 
-0.4637753367424011, 0.5864953398704529, -0.1544579626517229, 0.3781978615928352, 0.4960213458807032, 0.7624628753049563, 0.313950623755715, 0.2142246048387774, 1731681834129291386, 
-0.03778785467147827, 0.8246638774871826, -0.0807231908026655, 0.46281924899497756, 0.5715463505152256, 0.809766781955243, 0.29983742565128496, 0.2656717792276438, 1731681834225676065, 
-0.07752585411071777, -0.07559055089950562, -0.08324076591219973, 0.2073850787013367, 0.32611481255274644, 0.6359265838861393, 0.28345804096902183, 0.3106360871941287, 1731681834321671606, 
0.717559278011322, -0.5655216574668884, 0.40761096103227434, 0.06570282221614453, 0.12673824762595504, 0.5184135290402192, 0.2733092062399218, 0.33270784274622145, 1731681834417793062, 
0.5761233568191528, 0.03789019584655762, 0.5132540038629492, 0.14195765774165495, 0.25375619741257055, 0.5594253822729401, 0.26588426482406236, 0.34711236436110404, 1731681834529836575, 
0.20769578218460083, 1.0612123012542725, 0.3293521095007139, 0.4198047029328939, 0.5695824245225987, 0.7370394254786873, 0.24668667120391097, 0.3799984640720094, 1731681834624921091, 
-0.1369253396987915, 0.321047306060791, 0.038818965797978444, 0.3156616462019955, 0.45747697588958014, 0.6900055365369596, 0.2181192651262264, 0.4216410483797312, 1731681834721711771, 
-0.02977466583251953, -0.10222512483596802, -0.006582438573621133, 0.17222621603157134, 0.29918882573652505, 0.5756438784356174, 0.1937496742147509, 0.4522182525706511, 1731681834817690157, 
-0.05675387382507324, 0.004642605781555176, -0.0377457555405603, 0.1609012416270248, 0.289310706302229, 0.5561537755845751, 0.17383731003520256, 0.4742886943819841, 1731681834913391079, 
0.13100802898406982, 0.8530450463294983, 0.07055748281519877, 0.35239361059540497, 0.5098945773132916, 0.6911107242054191, 0.1463407580213062, 0.5016863094494282, 1731681835026699357, 
0.21256577968597412, 0.15346252918243408, 0.15599412518313574, 0.24955036002384792, 0.39224568542765065, 0.6362093180241679, 0.11246363717161309, 0.531078633007404, 1731681835121695872, 
0.2738932967185974, 0.4546811580657959, 0.22958687564101776, 0.29348085763567855, 0.45096630147558453, 0.6507822351146735, 0.0798403178060448, 0.5559856266793628, 1731681835217748415, 
-0.18901574611663818, 0.31771355867385864, -0.029803403976639775, 0.26388553135839504, 0.4247853626252876, 0.621220867234011, 0.043631953812418314, 0.5800784289248085, 1731681835329681772, 
0.10420244932174683, -0.15723669528961182, 0.050326530505695924, 0.14616669295720158, 0.2808506068424548, 0.5204428596417271, 0.012142955682939126, 0.5981327322568921, 1731681835426771550, 
-0.06449729204177856, 0.573192834854126, -0.01786511716546868, 0.26123973519583044, 0.4334654829401995, 0.6026771345756055, -0.018912430851949387, 0.6138886389195746, 1731681835521696210, 
-0.15312284231185913, 0.056767940521240234, -0.10289931254292449, 0.18965102773617795, 0.3482463647171945, 0.5445886790238015, -0.055291901915649144, 0.6296682797955342, 1731681835617733063, 
0.22473257780075073, 0.6142847537994385, 0.1018439875476488, 0.2922753068848755, 0.4711716444789029, 0.6203159937778522, -0.0933116782908838, 0.6437402690041625, 1731681835729080239, 
-0.18805503845214844, 0.29951637983322144, -0.07818138813911994, 0.25524925157223377, 0.4250663504458114, 0.6004927261462293, -0.1361645054344827, 0.6567131698706068, 1731681835825696875, 
0.5220420360565186, -0.08781498670578003, 0.2905194209635558, 0.15952930212703095, 0.31294082137481977, 0.5097746641878892, -0.17235262570684048, 0.6652254833387881, 1731681835921690124, 
-0.2538589835166931, 0.09460556507110596, -0.04572171093673599, 0.17068334922316408, 0.3370701143810963, 0.5063734277853748, -0.20365641835716644, 0.6708969828448492, 1731681836017191931, 
-0.06183558702468872, 0.4443863034248352, -0.054075782368373085, 0.24264047084553167, 0.42028608693575153, 0.5773221583769051, -0.24112588411740174, 0.6757152535789721, 1731681836129235765, 
-0.004259347915649414, 0.4070231318473816, -0.022833222170821087, 0.2673586702514322, 0.44125160814737, 0.605909792315452, -0.2841729861836768, 0.6788463944849735, 1731681836225704772, 
0.26226806640625, -0.0793604850769043, 0.15105870086875417, 0.16387181827874617, 0.3212190552706947, 0.5101559686135358, -0.322523125593981, 0.679292668554341, 1731681836321704420, 
0.07804739475250244, 1.0736390352249146, 0.11039091325930261, 0.3851059713368275, 0.5770141787636457, 0.6674116261094047, -0.36564750457118245, 0.6776423768487437, 1731681836417794815, 
0.15862339735031128, -0.32304054498672485, 0.135047482607153, 0.1338577432835914, 0.30611087935812836, 0.4372851548571953, -0.4100168310899972, 0.6731074945252683, 1731681836528920994, 
-0.3839268684387207, 0.6924092173576355, -0.1827008000752674, 0.26201727341547687, 0.464687125478642, 0.5638573979117477, -0.44697333450650334, 0.6674058316869376, 1731681836625721357, 
0.3760831356048584, -0.41386187076568604, 0.158758986290212, 0.10012185398768556, 0.24762646196275487, 0.40432614993604654, -0.4825129312370598, 0.6598984846138537, 1731681836721751698, 
-0.3055945634841919, -0.31019073724746704, -0.12860788292529546, 0.09195090437894726, 0.22814398734262162, 0.403038911741546, -0.5053431523081372, 0.6539614299453318, 1731681836817794777, 
0.6133169531822205, 0.454206645488739, 0.33266001393728223, 0.19925991258473344, 0.39115740247588987, 0.5094110742209855, -0.5346809735200417, 0.645133261072879, 1731681836929510764, 
0.36826926469802856, 0.9241517186164856, 0.3572955344628194, 0.3776109253513289, 0.5732389602443089, 0.65873213710107, -0.5786034096516429, 0.6296016427906137, 1731681837025734645, 
0.3326294422149658, -0.02191030979156494, 0.3382561423900935, 0.19863632623285987, 0.39792993064719917, 0.4991741282436202, -0.6218735786489168, 0.6112651219260874, 1731681837121697274, 
-0.38114720582962036, 0.14306163787841797, -0.10688097716993666, 0.1868037186792378, 0.3815635910654674, 0.4895742755686212, -0.6562813041797978, 0.5943348998636937, 1731681837217708579, 
-0.13447701930999756, 0.18184322118759155, -0.12379547235719084, 0.18398177998260667, 0.37809312615524093, 0.48660440313602993, -0.6900338952051036, 0.5756160711931217, 1731681837329441974, 
0.1622801423072815, 0.09719544649124146, 0.052686934352958806, 0.1573270152351005, 0.3575500762684049, 0.4400139328092287, -0.7217342952168425, 0.5559737275428389, 1731681837425727010, 
-0.12934660911560059, 0.6420428156852722, -0.05760768194634093, 0.2593466530134479, 0.4795265557229845, 0.5408389794438593, -0.756033684791551, 0.5324790132592959, 1731681837521710694, 
0.7165080308914185, -0.1667773723602295, 0.41789779755582923, 0.13715392717458472, 0.3342200044148459, 0.4103701913795212, -0.7878610506655396, 0.5081473852952253, 1731681837617805429, 
-0.518547534942627, 0.5950472354888916, -0.15874422085440765, 0.24528049647329603, 0.4628044048790353, 0.5299873853564678, -0.8173770117558364, 0.4834293364052766, 1731681837728918276, 
-0.15072733163833618, -0.3622211813926697, -0.15699167614112555, 0.10554293567427675, 0.26831400737383837, 0.3933560409584773, -0.8448319730950512, 0.45800472823178257, 1731681837825731206, 
0.22302252054214478, 0.17965984344482422, 0.07928540160574185, 0.15201875305816148, 0.3423801430173584, 0.4440057525487226, -0.8664274534157307, 0.43619346013225163, 1731681837923704948, 
0.5996197462081909, 0.5971271395683289, 0.4027342006206045, 0.24008781430636278, 0.4711773602212328, 0.5095487062316277, -0.8931733571467114, 0.40682373274691036, 1731681838017714239, 
0.23163080215454102, 0.23550844192504883, 0.29593875870803044, 0.20993505848429167, 0.44752512218427987, 0.4691022873970538, -0.9212258710644167, 0.37279582221761093, 1731681838128873246, 
0.07392919063568115, 0.01019054651260376, 0.15705693918204022, 0.15995210872595236, 0.3772406863448599, 0.42400545464952816, -0.9451098796204922, 0.34066029378526036, 1731681838225714539, 
0.2800014019012451, 0.05849337577819824, 0.2325175030732849, 0.15171612301459844, 0.3673109422944098, 0.41304547603973585, -0.9654186464859679, 0.310644387866611, 1731681838322710588, 
-0.2771647572517395, 0.6738110780715942, -0.08036664828488249, 0.25661556179399614, 0.4928295863284796, 0.5206983689955605, -0.9877479503141354, 0.27462205200492606, 1731681838417720943, 
0.4439206123352051, 0.05017745494842529, 0.24178911657822744, 0.1757537934241917, 0.39571123062424257, 0.4441465892866788, -1.009090384790977, 0.23609135065947714, 1731681838513061472, 
-0.027449607849121094, 0.15399664640426636, 0.07504211770392158, 0.17601216446369128, 0.39185965635572906, 0.44917143576502283, -1.0260847589401023, 0.20162661334255447, 1731681838625828276, 
0.20133119821548462, 0.06027644872665405, 0.15251330393823492, 0.1535446913522586, 0.37129284580544936, 0.41354066766132414, -1.0412590176564172, 0.16709475929713005, 1731681838723735983, 
0.3505170941352844, 0.2580873370170593, 0.2751771205090734, 0.183325350736222, 0.4080580046546273, 0.4492629691001532, -1.0549166075934495, 0.13187265302321366, 1731681838816944264, 
-0.2946241497993469, -0.23900312185287476, -0.07891849327662898, 0.11089899204989641, 0.3099260849234281, 0.3578240020593803, -1.0662695628172285, 0.09845681405389407, 1731681838913191603, 
-0.048578083515167236, 0.14819687604904175, -0.059212537420455694, 0.13670556086642185, 0.3566218069090877, 0.38333483319844125, -1.0758802374207581, 0.06607872192883874, 1731681839025058339, 
-0.3716210722923279, 0.018964171409606934, -0.2522632900133954, 0.12141964696000057, 0.3434793472473106, 0.35349911991237276, -1.084824965494223, 0.031328868608003886, 1731681839122911551, 
0.598976194858551, 0.1854744553565979, 0.2743753900875968, 0.15026736376754107, 0.37423237710272833, 0.40153490975552886, -1.0923981876808972, -0.0038144686945747698, 1731681839217787894, 
0.1746782660484314, -0.23109710216522217, 0.2113071477076261, 0.09865542651139987, 0.316897580525557, 0.31131643967677297, -1.0982221138289299, -0.03649911512248451, 1731681839329244028, 
0.030368328094482422, -0.4134499430656433, 0.0985451223968492, 0.07109992899446162, 0.2803140250919928, 0.2536438516450549, -1.1022989590586763, -0.06524471128379118, 1731681839425368026, 
-0.1129446029663086, 0.4010469913482666, -0.03020226676876181, 0.1540274121828664, 0.39417270315156544, 0.39076123473633967, -1.1060497039738704, -0.09870112662967355, 1731681839521530720, 
0.4341840147972107, -0.25248026847839355, 0.2551283345365739, 0.09662013604177062, 0.30915365546143536, 0.3125311130400762, -1.108744920499798, -0.1327961465821284, 1731681839617506616, 
-0.2324545979499817, 0.05689561367034912, -0.04562995990752222, 0.12100975198062497, 0.35282155878872, 0.34297720466988013, -1.1102215153606794, -0.16533361213198103, 1731681839729937337, 
0.025274574756622314, -0.3576924204826355, -0.002859098269657509, 0.07860538654965125, 0.2911530831551953, 0.2699795780893438, -1.110623211618557, -0.19754284033184916, 1731681839825269122, 
-0.22052162885665894, 0.18839704990386963, -0.13595087573458037, 0.12573268367536616, 0.3653201636129979, 0.3441712125382741, -1.1100221722481236, -0.23092773276708678, 1731681839921857716, 
-0.15451860427856445, 0.29197782278060913, -0.14639961251235084, 0.1615320891907294, 0.40991422335241345, 0.3940631478206996, -1.108067070861795, -0.2706320941354009, 1731681840016907675, 
0.5361089706420898, 0.3128319978713989, 0.27564905495491865, 0.1691900168627062, 0.42958338361507253, 0.3938467438822276, -1.1044476789626074, -0.3123627335467385, 1731681840113645182, 
0.47211259603500366, -0.28335022926330566, 0.3946610967858278, 0.09622526682932735, 0.32715973780000424, 0.29412319338680587, -1.099909692994452, -0.34787385977226193, 1731681840225806453, 
0.10839372873306274, -0.1354820728302002, 0.21741259387315515, 0.10126112070120097, 0.3391355958864099, 0.2985859400471703, -1.0948501095163878, -0.3790533426390512, 1731681840321751945, 
-0.49846118688583374, -0.014859139919281006, -0.22476085378030852, 0.10898659424182136, 0.3539785509346311, 0.30789039040376154, -1.0883479400504772, -0.4130261703131063, 1731681840417634229, 
-0.11650955677032471, 0.6245251893997192, -0.15579730653204266, 0.1934065374772756, 0.45184086658669265, 0.42804126802055775, -1.0792293035904297, -0.4536785166360054, 1731681840529740199, 
0.21608859300613403, 0.4516834616661072, 0.07456987239104862, 0.2137197627989236, 0.47784689925945234, 0.4472557279960125, -1.0672873493576904, -0.4990570278044627, 1731681840625749751, 
0.2581794857978821, 0.36714744567871094, 0.18783991650468218, 0.21236010645368947, 0.47911233270679343, 0.44323656887298146, -1.0532794675540957, -0.5441017435205122, 1731681840720899975, 
0.07426959276199341, -0.562492311000824, 0.11386698169033885, 0.06436401228308754, 0.28557411825080303, 0.22538461355437117, -1.0405162897244404, -0.5796505597253622, 1731681840833018179, 
0.5464425086975098, -0.14311236143112183, 0.3815862754646764, 0.08762673615962034, 0.32998982549121625, 0.2655437513237899, -1.029572933063093, -0.6069808909714032, 1731681840913358808, 
0.22648614645004272, 0.06662672758102417, 0.28596200490544793, 0.11462877333800459, 0.37623145500636174, 0.3046762087876632, -1.0163680183420873, -0.6377940197394357, 1731681841025059588, 
0.28956419229507446, 0.45669978857040405, 0.2890519770696061, 0.18199805829743534, 0.4534768202793771, 0.40133927503793987, -0.9995018550947353, -0.6741400047858962, 1731681841121753498, 
-0.09124618768692017, -0.09833788871765137, 0.05239920708387949, 0.11388325395012079, 0.3792020122706168, 0.30032344308565595, -0.9813067757497317, -0.7101907474902346, 1731681841219479380, 
0.31490403413772583, 0.11302399635314941, 0.21468305651395467, 0.12946431242283532, 0.3942963786620675, 0.32834263622236554, -0.9629825173093561, -0.7433763851344602, 1731681841329416357, 
-0.4235650897026062, -0.4771881699562073, -0.18144270920648967, 0.06077632858584796, 0.3027885546092276, 0.20072201429239814, -0.9454307501070528, -0.7731549337433373, 1731681841424933215, 
0.30236196517944336, 0.017250537872314453, 0.11842379250194154, 0.0930885711305297, 0.34746063673519123, 0.26791112802074013, -0.9279433139336878, -0.8009055790566223, 1731681841521750486, 
0.09038537740707397, 0.08923208713531494, 0.1014613843198415, 0.1191193363868792, 0.37915608003342294, 0.31416965903956684, -0.9081577021027306, -0.8307391150946613, 1731681841617873340, 
0.29094207286834717, -0.8927971124649048, 0.21560289856178544, 0.02761308002097187, 0.2257765127483438, 0.12230271291217129, -0.8916879569150434, -0.854203510923882, 1731681841713575038, 
-0.3220673203468323, -0.17813557386398315, -0.11520788322876313, 0.05685647570450648, 0.31603544253773785, 0.17990537785241362, -0.8755772831373528, -0.876125357420085, 1731681841825767802, 
-0.6695094704627991, -0.29426848888397217, -0.4574368451983509, 0.06288748342039177, 0.3077234967085561, 0.20436360594183778, -0.8558238394091546, -0.9020995708769409, 1731681841921787034, 
0.03731405735015869, 0.37758415937423706, -0.14984374039924347, 0.13529449574582453, 0.38210574540889325, 0.3540760571423631, -0.8328978688813999, -0.9309166589441288, 1731681842018807020, 
-0.03536522388458252, 0.24738872051239014, -0.0784476851955924, 0.13779968977390233, 0.40843089201232524, 0.3373880195373271, -0.8068763787574446, -0.9619956318190085, 1731681842130130401, 
0.25669342279434204, 0.7237226366996765, 0.1304513798631648, 0.22114135079966535, 0.5112405237031773, 0.4325583371165985, -0.7758337314462427, -0.9964558111018698, 1731681842224989430, 
0.1484721302986145, -0.48854756355285645, 0.1377271314226366, 0.06679722525008602, 0.30665738792023145, 0.2178236295010166, -0.7483077721286071, -1.024826335355875, 1731681842321779699, 
-0.03578627109527588, 0.047628700733184814, 0.03123857320616065, 0.09769415940645693, 0.35624889412717675, 0.27423007065274213, -0.7248312418666454, -1.0474360044413802, 1731681842418841898, 
-0.06523865461349487, -0.15010523796081543, -0.028638663157098808, 0.07890727758280112, 0.3426303980959407, 0.23029853165773728, -0.6990745609579861, -1.071131171094354, 1731681842512989187, 
-0.8528429269790649, -0.18685370683670044, -0.5377638326529701, 0.06980130305439901, 0.3301662821670869, 0.21141257246575754, -0.6726758005669374, -1.094249280795948, 1731681842625771804, 
-0.0676468014717102, 0.1639295220375061, -0.24594694409211004, 0.1053422079065897, 0.36343694705222135, 0.28985002422291795, -0.6441515573101309, -1.118013414102889, 1731681842721741943, 
-0.16206222772598267, 0.24676382541656494, -0.1929223458125423, 0.1295532806343656, 0.40999393349539487, 0.31598828677746954, -0.6125416227180925, -1.1431096148310886, 1731681842818103620, 
0.052331507205963135, 0.6599540710449219, -0.03973148443136071, 0.20636969758491638, 0.49031117294080356, 0.4208953598734979, -0.575527079176539, -1.1706009528931325, 1731681842913010165, 
-0.11234819889068604, -0.3016565442085266, -0.08716146456426169, 0.08203864408691189, 0.3400627148834721, 0.2412456305744184, -0.5414987082184848, -1.1941313261344395, 1731681843026764114, 
0.19697976112365723, 0.6578296422958374, 0.09032933090016762, 0.16562817416804626, 0.4440107156495364, 0.37302742553352874, -0.5084962328260081, -1.2152226247714695, 1731681843121756772, 
-0.06168752908706665, -0.1522815227508545, -0.004986244494869993, 0.08759684103472563, 0.37179241820532744, 0.23560685141876422, -0.4737771010843797, -1.236134747880683, 1731681843217798244, 
-0.09939020872116089, 0.48965227603912354, -0.061915453295829356, 0.16370775494073014, 0.4467216288871183, 0.36646480571930695, -0.4379783380336432, -1.2560375813981937, 1731681843313265936, 
-0.06771576404571533, 0.378021776676178, -0.06518511751147976, 0.17470221615282974, 0.45840216403100703, 0.3811112378191404, -0.3974555118847353, -1.2770855968797605, 1731681843426791486, 
-0.09727597236633301, 0.28021347522735596, -0.08504097462837615, 0.15674804970222636, 0.4504172499477168, 0.3480063201851644, -0.3559152587968951, -1.2967838202775877, 1731681843522769653, 
-0.09470903873443604, 0.7798194289207458, -0.08943788509818681, 0.24662564678166335, 0.5291761298472552, 0.46605587983125957, -0.31054439637845244, -1.3161870376326943, 1731681843617773103, 
-0.27483707666397095, -0.2451452612876892, -0.20676803691880102, 0.09757869410516656, 0.3613364837066089, 0.2700493819616528, -0.2683129810505266, -1.3324232879270255, 1731681843712944156, 
0.200187087059021, 0.5620557069778442, 0.046522504342694615, 0.15801485217275535, 0.4517452265535261, 0.3497875414828154, -0.22939219979784783, -1.3456755852192008, 1731681843825776992, 
-0.331051230430603, -0.2235005497932434, -0.18850079325848587, 0.08724706984624517, 0.3504144568415789, 0.24898250669403532, -0.19096007555560848, -1.3574934141007082, 1731681843921765994, 
-0.1204327940940857, 0.45614558458328247, -0.14482138200247946, 0.14478593045977034, 0.42433710202631125, 0.3412049754037129, -0.15261542286276752, -1.3679852318948087, 1731681844018844847, 
-0.02328312397003174, -0.11692750453948975, -0.07052069474155544, 0.0886518861671809, 0.3680138579908, 0.2408927931442112, -0.11354932144379792, -1.3775485292128713, 1731681844128923019, 
-0.5115965604782104, 0.5305991768836975, -0.3415327570376776, 0.1572651636108033, 0.4367184047973979, 0.36010656268027375, -0.07312284342674033, -1.3860899796303832, 1731681844224884382, 
0.08216911554336548, 0.17305225133895874, -0.07965121329994146, 0.12951457153572954, 0.41745725493960906, 0.3102463066654947, -0.029774519789126146, -1.3939949850658293, 1731681844321782162, 
-0.037114620208740234, 0.05164992809295654, -0.05371063943380351, 0.10761102857576028, 0.39146767069081867, 0.2748912276353761, 0.01059500918862293, -1.3999475427859547, 1731681844417848212, 
0.00707775354385376, 0.3942909836769104, -0.0151961960047503, 0.14667456218478156, 0.4413544439231041, 0.3323282776559881, 0.05228260482294287, -1.4048125644775222, 1731681844515167283, 
0.09217458963394165, -0.026350021362304688, 0.050227270479780296, 0.10273891762395203, 0.39016331238143576, 0.2633228557469065, 0.09349416389870617, -1.4084076539332113, 1731681844625786987, 
0.20991414785385132, 0.037447333335876465, 0.14871489025912632, 0.09546296936002367, 0.3886322277407724, 0.24563832473435504, 0.1319012899535596, -1.4105893471202338, 1731681844721780626, 
-0.31474626064300537, -0.1776149868965149, -0.13819577956599094, 0.07153775914210797, 0.3626966333279237, 0.1972385530180226, 0.16931137133927632, -1.4118049792003153, 1731681844816880686, 
-0.06035870313644409, 0.8046869039535522, -0.08809868879562545, 0.1735606669560292, 0.4639828216451254, 0.37406701037043155, 0.21153007484878122, -1.4120768565549418, 1731681844929926044, 
-0.19347620010375977, 0.371722936630249, -0.1527860775088882, 0.16999489965518227, 0.477872447591611, 0.3557327912750049, 0.2595014360790935, -1.4111796767806042, 1731681845025801298, 
0.17768943309783936, 0.5989680886268616, 0.05220060323354145, 0.21311044672914645, 0.5139694896212654, 0.4146363763463539, 0.3093625848508558, -1.4083253028514546, 1731681845121773447, 
0.30579954385757446, -0.25879865884780884, 0.2061557353308599, 0.08459761481847396, 0.37172483707416654, 0.22758128158542992, 0.35274239784601974, -1.4042798940119163, 1731681845217776272, 
0.09941577911376953, 0.36349982023239136, 0.14094704482771253, 0.1350661385807456, 0.42995178550188884, 0.314142522801902, 0.3913179365491183, -1.3992901891655478, 1731681845330000275, 
-0.4019674062728882, -0.5350648760795593, -0.19660138315912007, 0.037202990053851755, 0.3146997374012976, 0.11821741689733725, 0.4281729057275648, -1.3937311998928164, 1731681845425805327, 
0.12919622659683228, -0.1251220703125, 0.0056825262326949955, 0.06094781484469204, 0.35765820189756325, 0.17040798874828567, 0.46197924152017034, -1.3877265488782577, 1731681845521783201, 
-0.005605578422546387, -0.07279700040817261, -0.0009351706957823015, 0.07241800095892867, 0.3786458466267437, 0.19125523653324497, 0.49825473450882035, -1.380753490944785, 1731681845616893387, 
0.21765607595443726, 0.48035502433776855, 0.13502458377791693, 0.13172885312854785, 0.43453221307562456, 0.3031509498367666, 0.537942253517972, -1.3722754954027638, 1731681845713828347, 
-0.13298362493515015, -0.37229984998703003, -0.03236922866689482, 0.04939427520222322, 0.33914404139149795, 0.1456439423189037, 0.5747236976889326, -1.3636722595968616, 1731681845825809018, 
-0.5635263323783875, 0.2250070571899414, -0.3593953389002934, 0.09705242247747657, 0.3900696304975979, 0.2488079432220095, 0.6110620760647286, -1.354151767528217, 1731681845923788288, 
-0.31421685218811035, -0.10620403289794922, -0.33136467373420203, 0.0788796448434228, 0.362247780168198, 0.21775052646781604, 0.6491003659659397, -1.3434704107435362, 1731681846016897833, 
-0.10197126865386963, 0.5185661315917969, -0.1877598003141658, 0.13774529827439183, 0.4414836121125688, 0.3120054618001761, 0.6894658378531907, -1.3310447288407454, 1731681846129971309, 
-0.07635551691055298, 0.3008797764778137, -0.11862318973120659, 0.13549314797138745, 0.44280633536798775, 0.30598737450038477, 0.732291661204688, -1.3166493876656244, 1731681846225803169, 
0.16405421495437622, 0.7113281488418579, 0.057546703452257486, 0.20882378313687958, 0.5226302853418732, 0.3995631118091055, 0.7780369961554529, -1.299606671128203, 1731681846322053658, 
0.15556389093399048, -0.17683744430541992, 0.1158428730261434, 0.08912603276571421, 0.4030876983320135, 0.22110829264827445, 0.820255483342954, -1.2823331617158948, 1731681846417778285, 
-0.6291194558143616, -0.09631115198135376, -0.34473616287381925, 0.0781239477546272, 0.3830113697370354, 0.2039729207210346, 0.8565696499846045, -1.2660800994424317, 1731681846530102157, 
-0.1300864815711975, -0.3337164521217346, -0.21228172917699917, 0.04972419357707263, 0.3442590761878318, 0.14443829376321957, 0.8909142170186066, -1.249853970230961, 1731681846624962980, 
0.031200706958770752, 0.04690098762512207, -0.06082663987142303, 0.07117763668873722, 0.3867667694446295, 0.18403245136841362, 0.9246645255154542, -1.2331178063826957, 1731681846723785048, 
-0.1700395941734314, 0.26532018184661865, -0.12750641473614294, 0.1006849574735577, 0.42469863260601876, 0.23707389132792514, 0.9614045119064126, -1.2141132501709309, 1731681846816903665, 
-0.0026700496673583984, -0.12667429447174072, -0.050935867747247426, 0.07212678716895635, 0.3822388789175349, 0.1886955805574062, 0.9970926587849687, -1.1947504881266204, 1731681846930307134, 
-0.2642418146133423, 0.04204589128494263, -0.18236068638597605, 0.07830000693774959, 0.3941484672132551, 0.19865612440751967, 1.0314472199069797, -1.1751378945210316, 1731681847024941436, 
0.03778046369552612, -0.09911787509918213, -0.04642213658950542, 0.06703872257549087, 0.37611371068440763, 0.17824057105895358, 1.0650462662517384, -1.1550905630292214, 1731681847123815397, 
0.21913963556289673, 0.31451958417892456, 0.11848449999244326, 0.1104603838645817, 0.4240727128845372, 0.2604751036991547, 1.099030951475747, -1.1338327299325475, 1731681847216884709, 
-0.09953320026397705, 0.3385050296783447, -0.015863755502844773, 0.12978133737108483, 0.45199892181352036, 0.28712753749582676, 1.135558971696552, -1.1099158582430633, 1731681847313347386, 
-0.11460882425308228, 0.32273292541503906, -0.07681622113108996, 0.1321010330797199, 0.4517015540381441, 0.29245202257720054, 1.1728664109941886, -1.0840099506766974, 1731681847425850073, 
-0.035379111766815186, 0.34736746549606323, -0.05082668606406673, 0.1478129792639515, 0.4668437571294516, 0.3166219468646858, 1.2101437247380062, -1.056475929843385, 1731681847522069804, 
-0.05640900135040283, -0.30923885107040405, -0.055953185837183526, 0.05330780376161625, 0.3680661537454955, 0.14483212655971806, 1.2432410649315024, -1.0306355608967857, 1731681847616879103, 
-0.05619680881500244, 0.35912513732910156, -0.05521953821732402, 0.1011866066357389, 0.4112631847060271, 0.24603857188935493, 1.2733996762807427, -1.0056827212972108, 1731681847713040656, 
-0.20069605112075806, -0.2518065571784973, -0.14582328047317628, 0.056004151423843455, 0.36192472638593776, 0.15473977692290505, 1.3031096315692867, -0.9803232156935744, 1731681847826152338, 
0.12820947170257568, 0.07787251472473145, 0.024261888431170858, 0.0741692493760586, 0.39735226403004853, 0.18665868069761338, 1.3319086643546447, -0.9546152339837446, 1731681847922331380, 
0.001236259937286377, -0.3267199993133545, 0.009427534094964643, 0.04033046772719167, 0.3646225146379597, 0.1106088244913689, 1.3597813101423613, -0.9289744217860626, 1731681848017503170, 
0.09787154197692871, -0.005097031593322754, 0.06433878656847263, 0.06927559376576804, 0.38197190806526354, 0.1813630591753665, 1.3866197264064164, -0.903352375161406, 1731681848113741858, 
-0.10625505447387695, 0.9199047088623047, -0.03938592598509978, 0.1797156889104385, 0.48171740949172803, 0.37307285426960374, 1.4177397463085735, -0.8726318826710201, 1731681848225243251, 
-0.42804449796676636, 0.14583170413970947, -0.28003187246231354, 0.1218949801715334, 0.44119200396197106, 0.2762855606559004, 1.450340091687338, -0.8389923342940675, 1731681848321922371, 
-0.14003407955169678, 0.5812088847160339, -0.19234441354963966, 0.16942853266576433, 0.48280658403991394, 0.3509242381246349, 1.4822323366379346, -0.8036641349337015, 1731681848418438012, 
0.489129900932312, -0.026031315326690674, 0.22762474700375956, 0.09432105610465359, 0.4170571525920055, 0.22615858646338827, 1.5114399692641605, -0.7693882144461162, 1731681848530513801, 
-0.1417933702468872, 0.08315807580947876, -0.0009372560291498466, 0.0889323991758258, 0.41451485443309, 0.21454574721442474, 1.5370092136808307, -0.7374713986194015, 1731681848625823794, 
0.3618089556694031, 0.23760193586349487, 0.22348777965730537, 0.11156277503968837, 0.4384155856630685, 0.2544680861903178, 1.5625527813702784, -0.7040008320778982, 1731681848722854977, 
-0.584150493144989, 0.2713721990585327, -0.2754716504350223, 0.12046289424031731, 0.44689011625035296, 0.2695581975521531, 1.5886257684880034, -0.6682229968804346, 1731681848817530135, 
-0.15321815013885498, 0.4801737070083618, -0.19906190586914813, 0.14874888238298145, 0.4718696356196809, 0.3152330032587021, 1.6155156955434646, -0.6291672272209455, 1731681848913848814, 
-0.33839744329452515, 0.20966511964797974, -0.28517552615340025, 0.12524563011410814, 0.44845079664508336, 0.279285110096997, 1.6412810925930472, -0.5894350778987225, 1731681849025437011, 
-0.24524939060211182, 0.6128827333450317, -0.2592136230085909, 0.18011063933329613, 0.4937204959945838, 0.36480284046233313, 1.6664631959146436, -0.5477710736410385, 1731681849121928032, 
0.40923118591308594, 0.029461920261383057, 0.15285321762184345, 0.10832549267106807, 0.4292681083673914, 0.2523492674148463, 1.689354186797617, -0.507233596566428, 1731681849218557375, 
0.19110757112503052, 0.6404364705085754, 0.17735015318588376, 0.16788337742118042, 0.4926933749633039, 0.34074616374471134, 1.7102091564143398, -0.4671771788444343, 1731681849330533556, 
-0.6965987682342529, -0.4674445390701294, -0.3651536003800434, 0.041663156793862136, 0.35059864539122254, 0.11883433476296368, 1.7288993946922304, -0.4291513812599822, 1731681849425917477, 
-0.06433576345443726, 0.19406145811080933, -0.17810591725224328, 0.0774899171348008, 0.3865401887604345, 0.20047053162388406, 1.7448116661576347, -0.39427768301098404, 1731681849522856207, 
0.35509902238845825, -0.23624372482299805, 0.15122012641988425, 0.044806919602810344, 0.3735455178901043, 0.11995036068400203, 1.7602882094920773, -0.3591957559429951, 1731681849618903251, 
0.6613461971282959, -0.07955610752105713, 0.46642744909586353, 0.05472285573847691, 0.4000350824376485, 0.13679514157862965, 1.7746468113848717, -0.3249327944916885, 1731681849714583105, 
0.47250640392303467, -0.36541396379470825, 0.46934432802894277, 0.021303267316420304, 0.3983968621495542, 0.053472477673338875, 1.7887064053435102, -0.29041884517734373, 1731681849825985534, 
0.08603894710540771, 0.38888609409332275, 0.2324336089812613, 0.08931773401721058, 0.4311475176787834, 0.20716281633274927, 1.8029373928571268, -0.2538226699328567, 1731681849922834586, 
-0.2153773307800293, -0.33246058225631714, -0.045336669657983775, 0.039033693963683065, 0.3820775758779347, 0.102161698115865, 1.8170616504333803, -0.21681896017806526, 1731681850018267116, 
-0.1712932586669922, 0.42135846614837646, -0.12237090328487753, 0.09652348281005471, 0.41941548809761797, 0.2301380982563741, 1.830748553360532, -0.17858096768745288, 1731681850114343271, 
-0.27990126609802246, -0.2573547959327698, -0.2203059777928039, 0.04169331069635185, 0.36961378215363005, 0.11280237022931687, 1.8438773139212363, -0.14062302539378457, 1731681850226851537, 
0.4299793243408203, -0.12685924768447876, 0.18180386455968808, 0.04738529598257523, 0.3795573476748845, 0.12484357442386758, 1.8554964009442791, -0.10468898622952354, 1731681850322863496, 
0.38455456495285034, 0.05331921577453613, 0.307298587064547, 0.06028679299650257, 0.41475477007165557, 0.14535527339706558, 1.8669303925344602, -0.06781796067402437, 1731681850418895263, 
0.5538398623466492, 0.6710450649261475, 0.4600455430738801, 0.14495981364023017, 0.47363649186237244, 0.30605710525014207, 1.878781806397048, -0.027056657027158596, 1731681850514277121, 
0.18413931131362915, 0.14880967140197754, 0.2886541324613101, 0.11666866925841908, 0.4606553032149297, 0.2532667451002611, 1.8904015340568705, 0.015756658688036572, 1731681850625864766, 
-0.27792662382125854, -0.4129222631454468, -0.06316588259848827, 0.03284139551134918, 0.3799484627394003, 0.0864364479186602, 1.9002009634789956, 0.055781408920744784, 1731681850721914808, 
0.06507587432861328, 0.06741291284561157, 0.01647395997267019, 0.048814230814479144, 0.39900061163506406, 0.12234124307339624, 1.9086930188214315, 0.09397594035378035, 1731681850818400066, 
-0.277033269405365, -0.24628609418869019, -0.16507232693801754, 0.035286758162230765, 0.3832537536482328, 0.09207152657040513, 1.9169103622189227, 0.13252678527109624, 1731681850930005231, 
0.15460938215255737, 0.6330146193504333, 0.033373546679703325, 0.11125436797563226, 0.42615943900655945, 0.2610627802471831, 1.9248217787582835, 0.17278941931553196, 1731681851027846642, 
-0.36611878871917725, -0.4271548390388489, -0.21486613497334792, 0.0280101311143125, 0.3398181712777499, 0.08242681964001997, 1.9318312961388586, 0.21025811826014856, 1731681851122852412, 
-0.40403032302856445, -0.18106609582901, -0.3306961629990116, 0.0394870493921276, 0.3751676604968871, 0.10525174088787229, 1.9379858609160108, 0.24737807680242135, 1731681851217919391, 
0.12214738130569458, -0.03836631774902344, -0.050250074072666295, 0.04994915085997807, 0.3893701631604346, 0.12828191676155015, 1.944059123751701, 0.28648752742681477, 1731681851314218090, 
0.08457678556442261, 0.3673608899116516, 0.03375569452167296, 0.0918951160553021, 0.42768977146985326, 0.21486395557107577, 1.9498303512985853, 0.3272866464656494, 1731681851426865112, 
0.0027614831924438477, -0.20618194341659546, 0.013800704239088125, 0.05043111093123298, 0.3838983552763685, 0.13136579054871858, 1.954912364841063, 0.367063386872179, 1731681851522853606, 
-0.1497320532798767, 0.22318339347839355, -0.08669421211464474, 0.07839898685181751, 0.41300551947090436, 0.18982551843920478, 1.9591995050107003, 0.40700491172288655, 1731681851618863788, 
-0.06879645586013794, -0.6210969686508179, -0.07653389197803585, 0.008816149314337251, 0.3538119577814705, 0.02491761264830536, 1.9629195814725338, 0.4454297529167699, 1731681851713874779, 
-0.5944046974182129, 0.3333739638328552, -0.39560787297340855, 0.06313721657058002, 0.38639400176942273, 0.16340113014553628, 1.9659279882277854, 0.4836097827749104, 1731681851826117968, 
0.2509809136390686, 0.400667667388916, 0.0050130018463375725, 0.0966890241972668, 0.4254672815666858, 0.22725372404954763, 1.9689063550074293, 0.5257635509393953, 1731681851921891072, 
-0.21604859828948975, -0.32967525720596313, -0.1324451017052643, 0.03849385403777387, 0.3713889767760601, 0.103648348348758, 1.9711134824953431, 0.5655315835970542, 1731681852018855545, 
-0.21812844276428223, 0.1958693265914917, -0.18458905366642359, 0.07096715337192039, 0.40181269086009885, 0.17661750110483537, 1.972492999485569, 0.6052003149125746, 1731681852114856335, 
-0.4025923013687134, 0.541068434715271, -0.3181042949119003, 0.12669065456599246, 0.44717780443267824, 0.2833115895068211, 1.9733741390299024, 0.6493722107552458, 1731681852226175956, 
-0.19226932525634766, 0.1620531678199768, -0.24012172994401582, 0.0977722760386906, 0.4322826385233247, 0.22617673560215185, 1.9733918889750421, 0.6950394306281958, 1731681852322850255, 
-0.05412721633911133, 0.34538090229034424, -0.1244865951524234, 0.1141102062923948, 0.45325996564337967, 0.25175443441253653, 1.9721771189673318, 0.7405240909006053, 1731681852417864743, 
0.07326442003250122, -0.5410584807395935, -0.004026722636242708, 0.019890275553089296, 0.34770839438638673, 0.05720389807726778, 1.9703298138038905, 0.7806476724568014, 1731681852530576824, 
-0.32582998275756836, 0.0902562141418457, -0.20193453895147206, 0.05100998329263143, 0.3930879808770353, 0.1297673441421966, 1.9678286083592937, 0.8182927356295971, 1731681852625871136, 
0.045274436473846436, -0.23243367671966553, -0.04917725533210035, 0.031103894088736376, 0.3792664712599409, 0.08201066122562269, 1.9649407433635604, 0.8575772885035647, 1731681852722853989, 
0.6542943716049194, 0.42080044746398926, 0.386128527851864, 0.09339522531351711, 0.42615565922930787, 0.21915753854453113, 1.9614095384902608, 0.8970513514571987, 1731681852834951295, 
0.1873931884765625, -0.23922640085220337, 0.2625122965470235, 0.03978431913195089, 0.4129994565179653, 0.09633019730189474, 1.9575179177743283, 0.9368405101765819, 1731681852915215123, 
-0.1345803141593933, 0.17937147617340088, 0.017253980113684453, 0.06676378503724682, 0.4355720596630045, 0.15327839230298873, 1.9526413979813977, 0.9781346370116003, 1731681853025899406, 
0.30931365489959717, 0.17076414823532104, 0.1976357951906132, 0.08896316916568137, 0.4386425687100846, 0.20281471866101639, 1.947040789977111, 1.020811030356407, 1731681853121938105, 
0.41967761516571045, -0.13082432746887207, 0.3341073184202271, 0.05112159280767835, 0.4216559700325547, 0.1212400545490472, 1.941050778790534, 1.0618316413919442, 1731681853217952384, 
-0.07053214311599731, -0.1887524127960205, 0.08353577054480482, 0.03569047512212651, 0.4145693403665004, 0.08609048389968808, 1.9345200837564132, 1.1018056223218629, 1731681853330251765, 
0.3921678066253662, 0.5991984605789185, 0.27460240085988896, 0.12076272718965786, 0.4491715665125474, 0.2688565710587658, 1.927051811836023, 1.1432123502740472, 1731681853426145041, 
-0.05708736181259155, 0.21788710355758667, 0.06950921103806568, 0.10188887152018933, 0.46113303584294174, 0.22095331195245763, 1.918624155174748, 1.1870268568875189, 1731681853521875584, 
0.3512963056564331, 0.21519410610198975, 0.24343065084659676, 0.09932132363767464, 0.46321920092491703, 0.21441538571665034, 1.9089003187015825, 1.231350058637982, 1731681853617995005, 
-0.5690913200378418, 0.47149091958999634, -0.2584127808369736, 0.14222653243208583, 0.48016301147252766, 0.29620468264707905, 1.8977785077909313, 1.2769287491903711, 1731681853714173626, 
-0.46261298656463623, 0.21055817604064941, -0.3845423597513511, 0.10534658087835742, 0.4535082524298417, 0.23229253340798836, 1.8852420021164025, 1.3238272606782187, 1731681853826323903, 
-0.643587052822113, 0.10330849885940552, -0.5444513297881833, 0.07473475644614666, 0.4193480801994293, 0.17821652220419149, 1.8721271654226006, 1.3681951274090858, 1731681853922875018, 
0.27138036489486694, 0.24403375387191772, -0.03951433297714224, 0.08845528852954429, 0.43151768945244384, 0.2049864714509987, 1.8585628625232191, 1.4105177666308182, 1731681854017882462, 
0.29855668544769287, -0.0157584547996521, 0.1691671484103367, 0.05801173096281278, 0.42370802626052795, 0.13691440182240672, 1.8448788609123927, 1.4508421018858388, 1731681854113897203, 
0.06971198320388794, 0.2841925621032715, 0.10782118041726567, 0.08710616000753447, 0.4437665869062345, 0.19628823480110175, 1.8303973840620027, 1.4908325054658123, 1731681854225901760, 
0.3056221604347229, -0.455827534198761, 0.2286551557541866, 0.018981457996881272, 0.3794516072812201, 0.050023395955241495, 1.8163683702948599, 1.5281936879630242, 1731681854322886084, 
0.10375785827636719, -0.09064370393753052, 0.1516401548456297, 0.02713888582067171, 0.4085543565235392, 0.06642662203287038, 1.802282815783651, 1.564001088309012, 1731681854417893566, 
0.20274841785430908, -0.20334583520889282, 0.18307006123846026, 0.01679842198275188, 0.41624080740051483, 0.04035746059513122, 1.787325228465027, 1.6014891161946718, 1731681854513943734, 
-0.32646965980529785, 0.005681931972503662, -0.13190110166057362, 0.040990504025455406, 0.4152519282106333, 0.09871237492403237, 1.7717582684486894, 1.6396587334948216, 1731681854626108243, 
0.17957186698913574, 0.3835951089859009, 0.060962127686852496, 0.08274406037885433, 0.4325507152916386, 0.1912933153354418, 1.7552791687165779, 1.679139226272713, 1731681854722880109, 
-0.25365883111953735, -0.28433775901794434, -0.13422082312550768, 0.035682759249538565, 0.38637890011683396, 0.09235172841671413, 1.7392381801951913, 1.716557368893911, 1731681854817890256, 
-0.16408532857894897, -0.30703020095825195, -0.15251331682794916, 0.0233193283065125, 0.3820940662720512, 0.061030333535483705, 1.7231956226052187, 1.7524514182325455, 1731681854930752773, 
-0.3812905550003052, 0.04772239923477173, -0.2932778424302427, 0.04149637298836215, 0.3963502064622691, 0.1046962315441923, 1.70639983804296, 1.7890941737457093, 1731681855025894615, 
0.022381961345672607, 0.6457177400588989, -0.09709415841141589, 0.10553430653518123, 0.44036860935984323, 0.23964993029043272, 1.687879304869481, 1.8283593006085488, 1731681855122885964, 
-0.04519796371459961, 0.1168254017829895, -0.06520703639360456, 0.08142467536132883, 0.4215885836737285, 0.1931377615868844, 1.6688164390823939, 1.8674154877365587, 1731681855217977972, 
0.24753695726394653, 0.03838801383972168, 0.12780535456363537, 0.06595372905315099, 0.4090733669886552, 0.16122714010609268, 1.6498580189310763, 1.9041817857648018, 1731681855314817846, 
-0.3425588011741638, -0.6130119562149048, -0.16373225259217958, -0.006171521624927404, 0.36122836392998064, -0.01708482013368051, 1.631736792113395, 1.9382478691565352, 1731681855426024822, 
-0.09259217977523804, 0.8193737268447876, -0.1191732726359102, 0.08583948687158006, 0.37858759836930767, 0.2267361298714404, 1.6135601758869058, 1.9708854387030634, 1731681855521896710, 
0.16681236028671265, -0.11883080005645752, 0.057594763593997775, 0.04928953572349006, 0.37676797541034296, 0.13082198843945847, 1.5949788609119235, 2.0041508120676976, 1731681855618401053, 
0.0200081467628479, 0.260642409324646, 0.03497513862326737, 0.06751430615785275, 0.41667476641683343, 0.16203118498976427, 1.57489576025598, 2.0384249442094413, 1731681855714748587, 
-0.017747581005096436, 0.7874788045883179, 0.0035497083163182966, 0.15077657558374294, 0.48501314652880856, 0.3108711107375874, 1.5512734406221649, 2.0771492040245003, 1731681855826122271, 
-0.565372109413147, -0.13561797142028809, -0.3490809259860036, 0.066865605890739, 0.41010109860718297, 0.1630466392746402, 1.5270491896454912, 2.1153689845275316, 1731681855922011290, 
-0.38635969161987305, -0.0191652774810791, -0.3716835058385923, 0.05679159748528892, 0.3998986676188743, 0.1420149705010132, 1.5033170507424367, 2.150768564528967, 1731681856017973227, 
-0.19744586944580078, -0.22575092315673828, -0.2639584296041824, 0.0327361591700416, 0.3711511952433918, 0.08820168058080491, 1.4803434064961143, 2.183978009373475, 1731681856114168471, 
-0.17700791358947754, 0.9158458709716797, -0.2084789477183934, 0.12706230111799988, 0.44739165258784785, 0.28400686598203906, 1.4554681021903262, 2.2186451880696962, 1731681856226273245, 
0.23510807752609253, 0.015129268169403076, 0.06541426216685911, 0.07066470095540739, 0.4257016080527492, 0.16599585159812513, 1.4292967828169103, 2.2542111018400353, 1731681856322357594, 
-0.20408999919891357, -0.3941187262535095, -0.10193504477176649, 0.01265802616218922, 0.3805794468655232, 0.03325987849959197, 1.4046798558817064, 2.2862179844396042, 1731681856418557078, 
0.20968633890151978, -0.1405985951423645, 0.09099391610638488, 0.023608890518743646, 0.39919448100591315, 0.05914132494831244, 1.3803586775148486, 2.3169516132776704, 1731681856530584901, 
-0.09818649291992188, 0.04576367139816284, -0.025624973103531817, 0.03657822604269903, 0.420054512468954, 0.08707971217283973, 1.3548262471274284, 2.3489088768100475, 1731681856626302136, 
0.5508748888969421, 0.03519928455352783, 0.3305079859783743, 0.04983199187101926, 0.4253461127314982, 0.11715633546291736, 1.328675519103916, 2.3811102414185683, 1731681856721976679, 
0.06484758853912354, -0.17506659030914307, 0.16571697239182218, 0.026144892490973085, 0.4151150408065207, 0.0629822818276509, 1.3029621134800933, 2.412274568791749, 1731681856834032702, 
-0.22959768772125244, 0.3500469923019409, -0.07838571141723713, 0.07260003569595945, 0.43135018893209137, 0.16830880699437706, 1.2758217437438493, 2.444297003800662, 1731681856914840053, 
0.05674600601196289, -0.05768030881881714, 0.004811487622912752, 0.05381138121922968, 0.4091105921335514, 0.1315326032958426, 1.2483573499937457, 2.476172121601326, 1731681857026829180, 
-0.06316345930099487, -0.056172192096710205, -0.0371672462084109, 0.04945933829521133, 0.40951841639447273, 0.12077439332439968, 1.2210919102470235, 2.506850813764977, 1731681857122276496, 
-0.515307605266571, 0.17316049337387085, -0.33224287358582755, 0.06614832758819368, 0.41613118240443586, 0.15896027595428897, 1.1925637692634117, 2.5380837552617677, 1731681857220853539, 
-0.3520936965942383, -0.046269893646240234, -0.34424506033182095, 0.05204210269925511, 0.39818956202376227, 0.13069680288643393, 1.1634236986840156, 2.56920431279344, 1731681857314538113, 
0.6484806537628174, 0.37477177381515503, 0.2701485769189274, 0.08554673137659329, 0.44352593178729305, 0.19287875915589064, 1.133607049074466, 2.5999906844133127, 1731681857425982480, 
0.18961727619171143, 0.45268505811691284, 0.2204922306693749, 0.11419453368902563, 0.4743733206276625, 0.24072714194367048, 1.1020442872846263, 2.6315338826017634, 1731681857522097664, 
0.01709878444671631, -0.5258104801177979, 0.09261452003947696, 0.012737987385063505, 0.36592756569116114, 0.03481013342354816, 1.072972917589797, 2.6596898184545066, 1731681857619558034, 
-0.19052517414093018, 0.3626452088356018, -0.08167034782803265, 0.06116334764065038, 0.4055190035616151, 0.15082732770464885, 1.0448008635722867, 2.6858516047250793, 1731681857714247854, 
0.19721990823745728, 0.0028661489486694336, 0.09078669516171567, 0.047425136955788136, 0.41159188539690605, 0.11522369278503913, 1.014585240939536, 2.713597574786668, 1731681857826174726, 
-0.24508291482925415, 0.5873459577560425, -0.11615953392499195, 0.11167030883964012, 0.4462338390353413, 0.25025065127522955, 0.9824146624171092, 2.7421123484114136, 1731681857921925475, 
0.07028347253799438, -0.06489884853363037, -0.0014821515551760034, 0.05465719274302103, 0.40902814876173355, 0.13362697141623828, 0.9498959489699385, 2.7702225430480376, 1731681858018988722, 
-0.18918108940124512, 0.24307781457901, -0.11700664874584567, 0.07486271051980563, 0.43049786569899495, 0.17389798297432163, 0.9172189928410411, 2.7972129837498434, 1731681858129927028, 
0.024170219898223877, 0.49371230602264404, -0.029110924471059535, 0.11732403077276442, 0.45986524508462606, 0.2551269791027022, 0.8819870235021775, 2.8253378035390315, 1731681858226167653, 
0.11394089460372925, 0.1734992265701294, 0.05899899934767984, 0.08564136291191929, 0.4444762988989951, 0.19267925674340813, 0.8461809718276202, 2.852863487686672, 1731681858321931877, 
-0.16195476055145264, 0.12302380800247192, -0.07770447344824695, 0.07019503924794615, 0.43568461696467264, 0.16111433939756908, 0.8106558632269814, 2.8789090883457704, 1731681858418991210, 
0.10817849636077881, -0.5216201543807983, 0.036326697426299764, 0.0007359568226188289, 0.38641311352312835, 0.0019045855248253085, 0.7769832304592155, 2.902866026479002, 1731681858514225978, 
-0.1856570839881897, -0.49271953105926514, -0.10056440674371775, -0.017210854918544297, 0.401567163051125, -0.04285921883596124, 0.7442914825405161, 2.9256295931395897, 1731681858626594291, 
0.6549296975135803, -0.02698284387588501, 0.3664315122315566, 0.015539798845218049, 0.41872122089262614, 0.03711251799488558, 0.7110507687809579, 2.9486741156897374, 1731681858721945906, 
0.1762431263923645, 0.427092969417572, 0.24866775617786713, 0.08787921172912691, 0.43682815320254703, 0.2011757051024579, 0.6772664665197117, 2.9719650663459807, 1731681858819017761, 
0.06773823499679565, 0.3877980709075928, 0.13706291133818355, 0.10811348558993893, 0.4688123887628504, 0.23061140912943817, 0.640486834655923, 2.9968634206254205, 1731681858914531481, 
-0.29176241159439087, -0.3454980254173279, -0.12927424541934252, 0.022901512489434384, 0.39504470568277805, 0.05797195142725026, 0.6047616948972684, 3.0201975690108527, 1731681859026977434, 
-0.09845542907714844, -0.3387332558631897, -0.1100996183811676, 0.00625876776904825, 0.3912413586721125, 0.01599720384953865, 0.5707882693895254, 3.0415756335249924, 1731681859121933656, 
0.6144707798957825, 0.23076587915420532, 0.3379175548065781, 0.053460725779544076, 0.41371503751042915, 0.12922113274211458, 0.5369921639150206, 3.0624438658601867, 1731681859219024308, 
-0.06079566478729248, 0.043540120124816895, 0.09134690774941231, 0.05141624019837392, 0.4263895962838542, 0.12058511897683669, 0.5022276089862279, 3.0837190893593878, 1731681859314143544, 
-0.26341718435287476, 0.3578850030899048, -0.12751351898149377, 0.08922092289714977, 0.44729037340215105, 0.1994698035160546, 0.46451294640573143, 3.1060432738489796, 1731681859427452605, 
-0.023521840572357178, -0.012237191200256348, -0.0636218205668103, 0.051066982050358464, 0.4161862712775772, 0.12270222632187482, 0.42674109109701996, 3.1277773845722807, 1731681859521954395, 
0.12678563594818115, -0.435166597366333, 0.0536259481834616, 0.0009035546170471194, 0.39209298959450045, 0.002304439612607123, 0.39130523315552507, 3.147493768635022, 1731681859617972817, 
0.4967123866081238, -0.34194624423980713, 0.327505997969613, -0.0014694395709375777, 0.4132415796928087, -0.003555885087918584, 0.35666779169730195, 3.1663548654232727, 1731681859714660424, 
0.45762699842453003, 0.41820454597473145, 0.40760686574289956, 0.07456499952448743, 0.4307735839618927, 0.17309557108563006, 0.32143666791354186, 3.1852822226694055, 1731681859827161988, 
-0.18970155715942383, -0.06829315423965454, 0.03793480620590661, 0.04407545261170153, 0.42299824128443286, 0.10419772072306152, 0.28516881825207774, 3.20468540825298, 1731681859922937297, 
0.24494266510009766, -0.4005202054977417, 0.16522300295724462, 0.006772827805442033, 0.395954230052741, 0.017105077535198687, 0.24943979144586176, 3.2231921278625557, 1731681860018021437, 
0.11103731393814087, 0.8917964696884155, 0.13199589381630908, 0.11548424593158113, 0.4239149699133875, 0.2724231370153698, 0.21371533755101293, 3.240992480108719, 1731681860131022168, 
-0.16018879413604736, 0.00984126329421997, -0.048823899071600924, 0.06475387857220932, 0.4144574112359005, 0.15623771421800625, 0.17639001203812674, 3.259380283109339, 1731681860226764945, 
-0.04264175891876221, 0.5544449687004089, -0.04415669921845578, 0.12208305673446825, 0.4572980207557194, 0.2669660728745705, 0.13644093535790658, 3.277749897099485, 1731681860321939170, 
-0.20334738492965698, -0.09003359079360962, -0.14327356283828535, 0.06152345090073208, 0.40670622000307705, 0.15127246123815516, 0.09660077148502913, 3.295295279168614, 1731681860419030472, 
-0.12978708744049072, 0.19009041786193848, -0.13441514977601018, 0.06411182108007717, 0.4232611349414912, 0.1514710796419793, 0.05734047442958792, 3.311527814613629, 1731681860530862578, 
-0.30634641647338867, -0.08209216594696045, -0.24069326464671434, 0.04066613895289152, 0.4041273429001711, 0.10062704161776306, 0.017917717443716178, 3.3271864706269763, 1731681860625955536, 
0.2864370346069336, 0.12040287256240845, 0.08540046872787341, 0.06511110175707294, 0.4136149983700247, 0.15741958587977462, -0.020809863395067615, 3.341867775779982, 1731681860721939404, 
-0.21121853590011597, 0.03862595558166504, -0.09793593414850957, 0.05127865505067181, 0.4124413049807128, 0.12432958200699559, -0.059606364797460336, 3.356120449806055, 1731681860818021635, 
0.3797747492790222, -0.15414559841156006, 0.19712018682482266, 0.037331575662098895, 0.4067063085890353, 0.0917900088435101, -0.09806910661337379, 3.369628003565172, 1731681860915217919, 
-0.16891080141067505, 0.6652395725250244, -0.02849528702913448, 0.10950971214747403, 0.44924397562591933, 0.24376445336834432, -0.13823994033920037, 3.3830425649833136, 1731681861026814433, 
0.463062047958374, 0.6737076044082642, 0.27616441323843044, 0.157883808469826, 0.5114589733155439, 0.3086930070780473, -0.18394429446362384, 3.3975592507961623, 1731681861121947162, 
-0.0726744532585144, -0.11292225122451782, 0.058795404841242405, 0.06485997850643747, 0.4273791148952665, 0.1517621620849022, -0.22761763411143185, 3.410317188016769, 1731681861217974717, 
-0.34977978467941284, 0.12907308340072632, -0.19362866298473963, 0.06401377469086526, 0.4260624564802235, 0.15024504909372738, -0.2691770066380143, 3.4213169353820585, 1731681861330793658, 
-0.33004140853881836, -0.11540526151657104, -0.2778842726639992, 0.03888290735622697, 0.4063984165031618, 0.09567681806143175, -0.31089539427012003, 3.4317526877749436, 1731681861426086698, 
-0.16670119762420654, -0.10406678915023804, -0.2089863335322131, 0.03781835287585606, 0.39271873553500863, 0.09629882522496758, -0.3511004255490342, 3.4412225125870717, 1731681861521955768, 
0.1035376787185669, 1.0937880277633667, -0.014422576003917664, 0.1455359738561615, 0.4626280098349111, 0.3145853056067574, -0.39391201214807636, 3.4506298303358247, 1731681861619050288, 
-0.1903057098388672, 0.057770371437072754, -0.1235050288872, 0.07703673976961506, 0.4343895857879609, 0.17734481279028427, -0.43812447259280274, 3.4597771630089205, 1731681861714513698, 
0.02568221092224121, 0.16610115766525269, -0.031218106357493586, 0.07336740940803255, 0.4316060068418576, 0.16998699796806743, -0.48123093277024187, 3.46746615588567, 1731681861826475959, 
-0.25627946853637695, 0.03570973873138428, -0.17034442437509123, 0.0556799534971843, 0.42039434864971365, 0.13244696004126988, -0.5238498297594604, 3.474353324130931, 1731681861921953808, 
-0.2619582414627075, -0.3055742383003235, -0.227192852464284, 0.014090505354275345, 0.38850912871780907, 0.03626814484585737, -0.5649869315370623, 3.4804413284153894, 1731681862017962612, 
0.017566800117492676, 0.2618008852005005, -0.07523324977477655, 0.058955342531132396, 0.4125854160425718, 0.1428924538744462, -0.6056385836755428, 3.485885688930219, 1731681862114356129, 
0.48256129026412964, 0.07931137084960938, 0.2693957572067053, 0.05624011738615687, 0.41584416598957064, 0.1352432521262481, -0.6463035643163575, 3.491059922975721, 1731681862225995486, 
-0.016173362731933594, 0.06914275884628296, 0.09275018330337259, 0.055825141563049074, 0.42506121843928946, 0.13133435642052688, -0.6870347980774661, 3.4956732665288106, 1731681862324028206, 
-0.2588841915130615, 0.19402700662612915, -0.12437966055715982, 0.06890625879024569, 0.43460228449546673, 0.15855015320556703, -0.729880196354798, 3.4999196738720926, 1731681862418088994, 
-0.21770602464675903, 0.04724031686782837, -0.18199016630594325, 0.06012908017657004, 0.4234970676418336, 0.1419822822183584, -0.7734547173553675, 3.5036479302775145, 1731681862530016548, 
-0.15037274360656738, -0.23912376165390015, -0.16272776409867204, 0.022329386852011978, 0.3909290205132075, 0.057118775225994206, -0.8149741473741741, 3.506653311473047, 1731681862626093822, 
0.3856850266456604, 0.2356739044189453, 0.17664639215058361, 0.06401226267203979, 0.4159447486956185, 0.15389607122767862, -0.8553645194127181, 3.5089735222259018, 1731681862722990757, 
-0.1598188281059265, -0.02583467960357666, -0.031420817812054164, 0.04755032963109775, 0.4164895929979391, 0.11416931042340125, -0.8964859203011691, 3.5110521776419525, 1731681862818313369, 
-0.03426921367645264, 0.07382482290267944, -0.0330331048681904, 0.05407223754794408, 0.4218047356408667, 0.12819258054509447, -0.9385983623990116, 3.5125580266764307, 1731681862931371231, 
0.10121327638626099, 0.23217040300369263, 0.05023666972143857, 0.07730322301236867, 0.43983534040412525, 0.17575491533113657, -0.9817488492747005, 3.513534694263645, 1731681863025981398, 
0.21292585134506226, 0.1350218653678894, 0.15050087167525456, 0.07570885418199265, 0.43320892447586035, 0.17476291439192493, -1.0247501665864664, 3.5138882255683623, 1731681863122976835, 
0.24173647165298462, 0.08656513690948486, 0.20664918857104125, 0.06245467146720336, 0.43748362944672614, 0.14275887659199527, -1.0673456952123317, 3.513533898710641, 1731681863218073737, 
0.19791406393051147, -0.04982811212539673, 0.20081033483066835, 0.047404556707509087, 0.43255503121564415, 0.10959196700194251, -1.1096422498299634, 3.5125101758290938, 1731681863331108426, 
0.3075827956199646, -0.1346679925918579, 0.2662139963514321, 0.026646147409499422, 0.4221375339645871, 0.06312195733756941, -1.1509655227313222, 3.511003375533887, 1731681863426012499, 
-0.08388370275497437, 0.10804969072341919, 0.04976488277412275, 0.04591194089502834, 0.43315151838639326, 0.10599510551426151, -1.1926751254133272, 3.5090341879237674, 1731681863522975782, 
-0.2720593214035034, -0.24112653732299805, -0.1495394288994831, 0.02225480273855133, 0.4047440450339557, 0.05498487997935653, -1.2345101773710532, 3.5068086770664624, 1731681863617974387, 
-0.42841410636901855, 0.4879903197288513, -0.3212198480419778, 0.0800732820506101, 0.4198117834748242, 0.19073614701291974, -1.2769734825296175, 3.504004971578974, 1731681863732005376, 
0.3023771643638611, 0.4028053879737854, 0.06494594383302432, 0.10491386372132964, 0.4513157592797461, 0.23246222088225207, -1.3216203771760928, 3.5006019229863665, 1731681863826042048, 
0.018988430500030518, -0.884993314743042, 0.03433806549433918, -0.01820651290374024, 0.33051922498083924, -0.05508458064669522, -1.3595738600639011, 3.497231009048994, 1731681863923419200, 
0.5027387142181396, 0.22439974546432495, 0.3245655098220248, 0.03674558193968664, 0.3888999812125266, 0.09448594423975007, -1.3944550620709453, 3.49342944233753, 1731681864018406772, 
0.10386180877685547, -0.26487022638320923, 0.18804686726008008, 0.018246660185511552, 0.4078862535895577, 0.04473467792781405, -1.432737992716956, 3.489392416906739, 1731681864114012657, 
0.5818119049072266, 0.09825289249420166, 0.43115960782896323, 0.047837620074598776, 0.4237956589884458, 0.11287897612916088, -1.472339263958177, 3.4847945077405713, 1731681864226164913, 
-0.14865756034851074, 0.6702123880386353, 0.0732874227323913, 0.13121476206000676, 0.47645627086250547, 0.27539728215241055, -1.5157764175938027, 3.4792937892825413, 1731681864323087250, 
-0.5040193796157837, 0.11656248569488525, -0.2838181288183585, 0.08474393232754779, 0.44862675054965295, 0.1888962979218702, -1.5619276043428396, 3.472824448032586, 1731681864417992888, 
0.575615406036377, 0.294066846370697, 0.2474727720935334, 0.09180978454696717, 0.45379955305170305, 0.20231351910676507, -1.606702121660045, 3.4653596562376516, 1731681864531633288, 
0.43889665603637695, -0.1890752911567688, 0.3646515913938771, 0.039887922353155233, 0.42015860240713954, 0.09493539374091711, -1.6479275830309048, 3.4577724385778565, 1731681864625993483, 
-0.18506765365600586, -0.07993465662002563, 0.024718682089697686, 0.03262222501755346, 0.4292040253640992, 0.07600633519193958, -1.688463611207461, 3.4496341066513536, 1731681864723151666, 
-0.09833449125289917, 0.42678505182266235, -0.0511449118534649, 0.0898408521036274, 0.4376482167662629, 0.2052809737634763, -1.7306797372625795, 3.4405918572656753, 1731681864818232624, 
0.33980321884155273, -0.42707937955856323, 0.18930824100897067, 0.017167162215338313, 0.37701822741908947, 0.04553403779137574, -1.7697328355629298, 3.4319499566147558, 1731681864914506025, 
0.2470928430557251, 0.22098731994628906, 0.22526126709773575, 0.05280237506043759, 0.4106518999136095, 0.1285818355437923, -1.8069454601822017, 3.422990402232755, 1731681865026603738, 
-0.05991178750991821, 0.20242232084274292, 0.04929924328672464, 0.07353434873109375, 0.44096089207200717, 0.16675934318249222, -1.8476618356851986, 3.412865623790793, 1731681865123212882, 
-0.13606733083724976, 0.086983323097229, -0.06538835635384393, 0.06926408963798121, 0.4329706873075284, 0.15997408524052031, -1.8898544970119848, 3.4017483901277044, 1731681865217983057, 
0.15821623802185059, 0.4676259756088257, 0.07334418136525872, 0.10241536798258812, 0.46400219887133404, 0.2207217298359991, -1.9332104158864856, 3.3894910987470643, 1731681865331836534, 
0.22028934955596924, 0.23087942600250244, 0.1638245959055051, 0.10096744713382151, 0.45608222590201275, 0.22137992098712903, -1.9765017517083223, 3.37639516757668, 1731681865426019326, 
